United States, Entertainment, US,Entertainment,48,1,1,1348000000,337000,5400000,4000000,64700000,8000000,2012,Feb,20,88.2,328239523,14.7,270663028,37.09024,-95.712891
United States, Entertainment, US,Entertainment,8,5,6,580574000,145100,2300000,1700000,27900000,600000,2018,Apr,23,88.2,328239523,14.7,270663028,37.09024,-95.712891
United States, Entertainment, US,Music,233,11,15,112100000,28000,448400,336300,5400000,100000,2015,Apr,6,88.2,328239523,14.7,270663028,37.09024,-95.712891
United States, Entertainment, US,Entertainment,128,21,19,53202000,13300,212800,159600,2600000,nan,2017,Nov,14,88.2,328239523,14.7,270663028,37.09024,-95.712891
United States, Entertainment, US,Entertainment,93,26,26,21804000,5500,87200,65400,1000000,nan,2006,Nov,21,88.2,328239523,14.7,270663028,37.09024,-95.712891
United States, Entertainment, US,Entertainment,145,29,28,321026000,80300,1300000,963100,15400000,700000,2017,Apr,22,88.2,328239523,14.7,270663028,37.09024,-95.712891
United States, Entertainment, US,Entertainment,15,35,32,238613000,59700,954500,715800,11500000,200000,2015,Mar,17,88.2,328239523,14.7,270663028,37.09024,-95.712891
United States, Entertainment, US,Entertainment,110,41,42,153280000,38300,613100,459800,7400000,200000,2018,Apr,5,88.2,328239523,14.7,270663028,37.09024,-95.712891
United States, Entertainment, US,Entertainment,339,42,43,312099000,78000,1200000,936300,15000000,400000,2011,Jan,19,88.2,328239523,14.7,270663028,37.09024,-95.712891
United States, Entertainment, US,Entertainment,269,47,47,22724000,5700,90900,68200,1100000,nan,2012,Feb,21,88.2,328239523,14.7,270663028,37.09024,-95.712891
United States, Entertainment, US,Entertainment,230,51,48,180519000,0,0,0,0,1000000,2015,Jan,19,88.2,328239523,14.7,270663028,37.09024,-95.712891
United States, Entertainment, US,Entertainment,445,53,49,26435000,6600,105700,79300,1300000,nan,2006,Nov,21,88.2,328239523,14.7,270663028,37.09024,-95.712891
United States, Entertainment, US,Entertainment,797,62,55,118226000,29600,472900,354700,5700000,200000,2012,Jul,17,88.2,328239523,14.7,270663028,37.09024,-95.712891
United States, Entertainment, US,Entertainment,2122,72,65,134412000,33600,537600,403200,6500000,400000,2006,Jun,29,88.2,328239523,14.7,270663028,37.09024,-95.712891
United States, Entertainment, US,Entertainment,312,75,68,169865000,42500,679500,509600,8200000,400000,2018,Dec,19,88.2,328239523,14.7,270663028,37.09024,-95.712891
United States, Entertainment, US,Entertainment,1860,79,73,58126000,14500,232500,174400,2800000,100000,2015,Dec,1,88.2,328239523,14.7,270663028,37.09024,-95.712891
United States, Entertainment, US,Entertainment,911,79,73,10853000,2700,43400,32600,520900,nan,2011,Aug,9,88.2,328239523,14.7,270663028,37.09024,-95.712891
United States, Entertainment, US,Entertainment,1057,82,75,10803000,2700,43200,32400,518600,nan,2015,Aug,29,88.2,328239523,14.7,270663028,37.09024,-95.712891
United States, Entertainment, US,Entertainment,883,82,75,44542000,11100,178200,133600,2100000,400000,2013,Aug,30,88.2,328239523,14.7,270663028,37.09024,-95.712891
United States, Entertainment, US,Entertainment,99,83,78,124187000,31000,496700,372600,6000000,100000,2006,Jan,16,88.2,328239523,14.7,270663028,37.09024,-95.712891
United States, Entertainment, US,Entertainment,370,92,86,139333000,34800,557300,418000,6700000,200000,2015,Sep,25,88.2,328239523,14.7,270663028,37.09024,-95.712891
United States, Entertainment, US,Entertainment,507,96,90,63919000,16000,255700,191800,3100000,nan,2019,May,7,88.2,328239523,14.7,270663028,37.09024,-95.712891
United States, Entertainment, US,Entertainment,1296,98,93,68350000,17100,273400,205100,3300000,200000,2014,Aug,21,88.2,328239523,14.7,270663028,37.09024,-95.712891
United States, Entertainment, US,Entertainment,1671,100,95,2476000,619,9900,7400,118900,nan,2006,Jul,21,88.2,328239523,14.7,270663028,37.09024,-95.712891
United States, Entertainment, US,Entertainment,398,100,95,80062000,20000,320200,240200,3800000,100000,2013,Mar,25,88.2,328239523,14.7,270663028,37.09024,-95.712891
United States, Entertainment, US,Entertainment,146,101,96,874796000,218700,3500000,2600000,42000000,1000000,2020,Sep,26,88.2,328239523,14.7,270663028,37.09024,-95.712891
United States, Entertainment, US,Entertainment,377,104,99,195203000,48800,780800,585600,9400000,100000,2017,Feb,9,88.2,328239523,14.7,270663028,37.09024,-95.712891
United States, Entertainment, US,Games,86,108,28,221702000,55400,886800,665100,10600000,200000,2013,Nov,3,88.2,328239523,14.7,270663028,37.09024,-95.712891
United States, Entertainment, US,Film,4054962,6143,4024,63,0.02,0.25,0.19,3,30,2011,May,10,88.2,328239523,14.7,270663028,37.09024,-95.712891
United States, Entertainment, US,Entertainment,281,109,104,23206000,5800,92800,69600,1100000,nan,2007,Jun,4,88.2,328239523,14.7,270663028,37.09024,-95.712891
United States, Entertainment, US,Comedy,283,115,23,17243000,4300,69000,51700,827600,nan,2006,Sep,20,88.2,328239523,14.7,270663028,37.09024,-95.712891
United States, Entertainment, US,Entertainment,1825,120,116,14430000,3600,57700,43300,692600,nan,2009,Jul,21,88.2,328239523,14.7,270663028,37.09024,-95.712891
United States, Entertainment, US,Entertainment,696,121,117,127982000,32000,511900,383900,6100000,100000,2009,Sep,15,88.2,328239523,14.7,270663028,37.09024,-95.712891
United States, Entertainment, US,Entertainment,274,122,118,497044000,124300,2000000,1500000,23900000,700000,2012,Oct,13,88.2,328239523,14.7,270663028,37.09024,-95.712891
United States, Entertainment, US,Entertainment,4012108,7627,6667,4,0,0.02,0.01,0.19,nan,2006,Aug,4,88.2,328239523,14.7,270663028,37.09024,-95.712891
United States, Entertainment, US,Entertainment,2039,134,129,1635000,409,6500,4900,78500,nan,2013,Mar,19,88.2,328239523,14.7,270663028,37.09024,-95.712891
United States, Entertainment, US,Entertainment,1543,134,129,36357000,9100,145400,109100,1700000,100000,2005,Dec,16,88.2,328239523,14.7,270663028,37.09024,-95.712891
United States, Entertainment, US,Entertainment,559,135,130,45698000,11400,182800,137100,2200000,100000,2012,Jul,6,88.2,328239523,14.7,270663028,37.09024,-95.712891
United States, Entertainment, US,Entertainment,1088,136,132,199033000,49800,796100,597100,9600000,300000,2006,Dec,21,88.2,328239523,14.7,270663028,37.09024,-95.712891
United States, Entertainment, US,Entertainment,3778,137,133,21953000,5500,87800,65900,1100000,200000,2014,Mar,9,88.2,328239523,14.7,270663028,37.09024,-95.712891
United States, Entertainment, US,Entertainment,757,137,133,24378000,6100,97500,73100,1200000,nan,2016,May,31,88.2,328239523,14.7,270663028,37.09024,-95.712891
United States, Entertainment, US,Entertainment,283499,1874,1836,29735,7,119,89,1400,nan,2010,Jun,19,88.2,328239523,14.7,270663028,37.09024,-95.712891
United States, Entertainment, US,Entertainment,636,140,136,25912000,6500,103600,77700,1200000,nan,2018,May,14,88.2,328239523,14.7,270663028,37.09024,-95.712891
United States, Entertainment, US,Entertainment,851,140,136,399807000,100000,1600000,1200000,19200000,300000,2015,Jul,15,88.2,328239523,14.7,270663028,37.09024,-95.712891
United States, Entertainment, US,Entertainment,196,140,136,267131000,66800,1100000,801400,12800000,300000,2008,Apr,22,88.2,328239523,14.7,270663028,37.09024,-95.712891
United States, Entertainment, US,Entertainment,569,144,139,335111000,83800,1300000,1000000,16100000,1200000,2016,Oct,3,88.2,328239523,14.7,270663028,37.09024,-95.712891
United States, Entertainment, US,Film,956,146,34,27375000,6800,109500,82100,1300000,nan,2010,Oct,14,88.2,328239523,14.7,270663028,37.09024,-95.712891
United States, Entertainment, US,Comedy,423,151,29,312858000,78200,1300000,938600,15000000,200000,2008,May,26,88.2,328239523,14.7,270663028,37.09024,-95.712891
United States, Entertainment, US,Entertainment,1886,152,147,11043000,2800,44200,33100,530100,nan,2006,Feb,8,88.2,328239523,14.7,270663028,37.09024,-95.712891
United States, Entertainment, US,Entertainment,8317,154,149,4781000,1200,19100,14300,229500,nan,2017,Sep,5,88.2,328239523,14.7,270663028,37.09024,-95.712891
United States, Entertainment, US,Education,3746,154,36,18978000,4700,75900,56900,911000,nan,2010,Aug,15,88.2,328239523,14.7,270663028,37.09024,-95.712891
United States, Entertainment, US,Entertainment,848,156,151,29941000,7500,119800,89800,1400000,nan,2019,Sep,9,88.2,328239523,14.7,270663028,37.09024,-95.712891
United States, Entertainment, US,Film,1565,156,39,449576,112,1800,1300,21600,nan,2017,Feb,7,88.2,328239523,14.7,270663028,37.09024,-95.712891
United States, Entertainment, US,Entertainment,1747,156,151,9910000,2500,39600,29700,475700,nan,2015,Apr,25,88.2,328239523,14.7,270663028,37.09024,-95.712891
United States, Entertainment, US,Entertainment,592,156,151,48285000,12100,193100,144900,2300000,nan,2007,Jan,3,88.2,328239523,14.7,270663028,37.09024,-95.712891
United States, Entertainment, US,Entertainment,2485,159,154,12902000,3200,51600,38700,619300,nan,2011,Aug,18,88.2,328239523,14.7,270663028,37.09024,-95.712891
United States, Entertainment, US,Entertainment,1200,161,157,26883000,6700,107500,80600,1300000,nan,2018,Mar,12,88.2,328239523,14.7,270663028,37.09024,-95.712891
United States, Entertainment, US,Entertainment,4285,161,157,99654000,24900,398600,299000,4800000,300000,2015,Jan,3,88.2,328239523,14.7,270663028,37.09024,-95.712891
United States, Entertainment, US,Comedy,232,164,37,56626000,14200,226500,169900,2700000,nan,2013,Jul,23,88.2,328239523,14.7,270663028,37.09024,-95.712891
United States, Entertainment, US,Entertainment,14275,692,694,1929000,482,7700,5800,92600,nan,2007,Nov,28,88.2,328239523,14.7,270663028,37.09024,-95.712891
United States, Entertainment, US,Entertainment,2110,167,163,4233000,1100,16900,12700,203200,nan,2007,Oct,16,88.2,328239523,14.7,270663028,37.09024,-95.712891
United States, Entertainment, US,People,1789,167,54,45095000,11300,180400,135300,2200000,100000,2008,Jun,29,88.2,328239523,14.7,270663028,37.09024,-95.712891
United States, Entertainment, US,Entertainment,454,167,163,319647000,79900,1300000,958900,15300000,500000,2021,Feb,20,88.2,328239523,14.7,270663028,37.09024,-95.712891
United States, Entertainment, US,People,4051001,7683,7670,248,0.06,0.99,0.74,12,1,2022,Jun,27,88.2,328239523,14.7,270663028,37.09024,-95.712891
United States, Entertainment, US,Entertainment,440,170,166,41109000,10300,164400,123300,2000000,nan,2007,Apr,29,88.2,328239523,14.7,270663028,37.09024,-95.712891
United States, Entertainment, US,Entertainment,2177,171,167,29379000,7300,117500,88100,1400000,100000,2014,Jan,2,88.2,328239523,14.7,270663028,37.09024,-95.712891
United States, Entertainment, US,Music,279,173,147,169968000,42500,679900,509900,8200000,100000,2015,Jan,4,88.2,328239523,14.7,270663028,37.09024,-95.712891
United States, Entertainment, US,Entertainment,9980,175,171,15340000,3800,61400,46000,736300,nan,2013,Jul,30,88.2,328239523,14.7,270663028,37.09024,-95.712891
