United States, Music, US,Music,59,10,14,260193000,65000,1000000,780600,12500000,300000,2007,Feb,9,88.2,328239523,14.7,270663028,37.09024,-95.712891
United States, Music, US,Music,40,13,19,528392000,132100,2100000,1600000,25400000,800000,2006,Sep,20,88.2,328239523,14.7,270663028,37.09024,-95.712891
United States, Music, US,Music,78,14,20,160216000,40100,640900,480600,7700000,100000,2007,Jan,22,88.2,328239523,14.7,270663028,37.09024,-95.712891
United States, Music, US,Music,263,16,21,146862000,36700,587400,440600,7000000,200000,2013,Feb,6,88.2,328239523,14.7,270663028,37.09024,-95.712891
United States, Music, US,Music,55,17,22,314505000,78600,1300000,943500,15100000,400000,2009,Sep,2,88.2,328239523,14.7,270663028,37.09024,-95.712891
United States, Music, US,Music,70,19,24,134242000,33600,537000,402700,6400000,100000,2008,Jun,1,88.2,328239523,14.7,270663028,37.09024,-95.712891
United States, Music, US,Music,403,24,29,58362000,14600,233400,175100,2800000,100000,2015,Jun,23,88.2,328239523,14.7,270663028,37.09024,-95.712891
United States, Music, US,Music,539848,2904,2594,6348,2,25,19,305,100,2016,Jun,26,88.2,328239523,14.7,270663028,37.09024,-95.712891
United States, Music, US,Music,92,27,33,205594000,51400,822400,616800,9900000,100000,2011,May,16,88.2,328239523,14.7,270663028,37.09024,-95.712891
United States, Music, US,Music,134,30,34,175243000,43800,701000,525700,8400000,200000,2006,Sep,19,88.2,328239523,14.7,270663028,37.09024,-95.712891
United States, Music, US,Music,96,31,35,152825000,38200,611300,458500,7300000,nan,2006,Mar,9,88.2,328239523,14.7,270663028,37.09024,-95.712891
United States, Music, US,Music,50,40,45,329861000,82500,1300000,989600,15800000,300000,2010,May,20,88.2,328239523,14.7,270663028,37.09024,-95.712891
United States, Music, US,Music,63,42,49,105126000,26300,420500,315400,5000000,nan,2009,Sep,26,88.2,328239523,14.7,270663028,37.09024,-95.712891
United States, Music, US,Music,169,45,50,188837000,47200,755300,566500,9100000,100000,2009,Aug,3,88.2,328239523,14.7,270663028,37.09024,-95.712891
United States, Music, US,Music,255,46,51,45822000,11500,183300,137500,2200000,nan,2012,Sep,23,88.2,328239523,14.7,270663028,37.09024,-95.712891
United States, Music, US,Music,165,50,56,81884000,20500,327500,245700,3900000,nan,2006,Oct,24,88.2,328239523,14.7,270663028,37.09024,-95.712891
United States, Music, US,Music,242,54,59,158591000,39600,634400,475800,7600000,200000,2005,Jun,22,88.2,328239523,14.7,270663028,37.09024,-95.712891
United States, Music, US,Music,275,57,63,90450000,22600,361800,271300,4300000,100000,2008,May,9,88.2,328239523,14.7,270663028,37.09024,-95.712891
United States, Music, US,Music,117,63,65,89098000,22300,356400,267300,4300000,nan,2008,Nov,8,88.2,328239523,14.7,270663028,37.09024,-95.712891
United States, Music, US,Music,163,66,66,55454000,13900,221800,166400,2700000,nan,2005,Nov,7,88.2,328239523,14.7,270663028,37.09024,-95.712891
United States, Music, US,Music,153,67,67,164215000,41100,656900,492600,7900000,100000,2009,Dec,11,88.2,328239523,14.7,270663028,37.09024,-95.712891
United States, Music, US,Music,425,67,67,103631000,25900,414500,310900,5000000,100000,2013,Aug,28,88.2,328239523,14.7,270663028,37.09024,-95.712891
United States, Music, US,Music,67,68,68,318593000,79600,1300000,955800,15300000,100000,2009,May,12,88.2,328239523,14.7,270663028,37.09024,-95.712891
United States, Music, US,Music,243,69,69,195499000,48900,782000,586500,9400000,100000,2011,Dec,15,88.2,328239523,14.7,270663028,37.09024,-95.712891
United States, Music, US,Music,130,71,72,94246000,23600,377000,282700,4500000,nan,2009,May,12,88.2,328239523,14.7,270663028,37.09024,-95.712891
United States, Music, US,Music,115,73,74,139443000,34900,557800,418300,6700000,100000,2009,May,12,88.2,328239523,14.7,270663028,37.09024,-95.712891
United States, Music, US,Music,82,74,75,88940000,22200,355800,266800,4300000,100000,2009,Dec,13,88.2,328239523,14.7,270663028,37.09024,-95.712891
United States, Music, US,Music,602,77,76,63293000,15800,253200,189900,3000000,nan,2008,Sep,24,88.2,328239523,14.7,270663028,37.09024,-95.712891
United States, Music, US,Music,154,80,77,122914000,30700,491700,368700,5900000,100000,2007,Apr,12,88.2,328239523,14.7,270663028,37.09024,-95.712891
United States, Music, US,Music,246,88,84,81660000,20400,326600,245000,3900000,100000,2012,Sep,22,88.2,328239523,14.7,270663028,37.09024,-95.712891
United States, Music, US,Music,273,88,84,95253000,23800,381000,285800,4600000,nan,2007,Nov,19,88.2,328239523,14.7,270663028,37.09024,-95.712891
United States, Music, US,Music,449,94,86,111500000,27900,446000,334500,5400000,100000,2009,Sep,9,88.2,328239523,14.7,270663028,37.09024,-95.712891
United States, Music, US,Music,396,98,90,103171000,25800,412700,309500,5000000,100000,2011,Sep,6,88.2,328239523,14.7,270663028,37.09024,-95.712891
United States, Music, US,Music,2595710,5417,4067,99,0.02,0.4,0.3,5,nan,2006,Jul,31,88.2,328239523,14.7,270663028,37.09024,-95.712891
United States, Music, US,Music,905,108,95,25263000,6300,101100,75800,1200000,nan,2010,Apr,6,88.2,328239523,14.7,270663028,37.09024,-95.712891
United States, Music, US,Music,227,108,95,276751000,69200,1100000,830300,13300000,300000,2013,May,25,88.2,328239523,14.7,270663028,37.09024,-95.712891
United States, Music, US,Music,22747,109,96,1331000,333,5300,4000,63900,nan,2006,Apr,14,88.2,328239523,14.7,270663028,37.09024,-95.712891
United States, Music, US,Music,485,117,100,97758000,24400,391000,293300,4700000,100000,2009,Oct,30,88.2,328239523,14.7,270663028,37.09024,-95.712891
United States, Music, US,Music,72,120,103,267126000,66800,1100000,801400,12800000,nan,2009,Sep,2,88.2,328239523,14.7,270663028,37.09024,-95.712891
United States, Music, US,Music,148,123,104,257597000,64400,1000000,772800,12400000,100000,2014,Jul,14,88.2,328239523,14.7,270663028,37.09024,-95.712891
United States, Music, US,Music,858,125,106,29182000,7300,116700,87500,1400000,nan,2008,Jan,30,88.2,328239523,14.7,270663028,37.09024,-95.712891
United States, Music, US,Music,446,124,105,447891000,112000,1800000,1300000,21500000,400000,2008,Jul,21,88.2,328239523,14.7,270663028,37.09024,-95.712891
United States, Music, US,Music,122,127,108,97422000,24400,389700,292300,4700000,nan,2010,Oct,21,88.2,328239523,14.7,270663028,37.09024,-95.712891
United States, Music, US,Music,241,133,112,49817000,12500,199300,149500,2400000,nan,2009,May,12,88.2,328239523,14.7,270663028,37.09024,-95.712891
United States, Music, US,Music,564542,1920,1751,37623,9,150,113,1800,nan,2010,Sep,1,88.2,328239523,14.7,270663028,37.09024,-95.712891
United States, Music, US,Music,913,139,117,28787000,7200,115100,86400,1400000,nan,2007,Sep,2,88.2,328239523,14.7,270663028,37.09024,-95.712891
United States, Music, US,Music,906,139,117,42704000,10700,170800,128100,2000000,100000,2015,Aug,11,88.2,328239523,14.7,270663028,37.09024,-95.712891
United States, Music, US,Music,308,139,117,88004000,22000,352000,264000,4200000,nan,2006,Jul,5,88.2,328239523,14.7,270663028,37.09024,-95.712891
United States, Music, US,Music,426,140,118,63441000,15900,253800,190300,3000000,nan,2005,Nov,18,88.2,328239523,14.7,270663028,37.09024,-95.712891
United States, Music, US,Music,444,142,120,9915000,2500,39700,29700,475900,nan,2016,Jun,9,88.2,328239523,14.7,270663028,37.09024,-95.712891
United States, Music, US,Music,1401,147,124,36790000,9200,147200,110400,1800000,100000,2016,Jan,26,88.2,328239523,14.7,270663028,37.09024,-95.712891
United States, Music, US,Music,435,152,129,119812000,30000,479200,359400,5800000,100000,2007,Feb,8,88.2,328239523,14.7,270663028,37.09024,-95.712891
United States, Music, US,Music,1656,152,129,56358000,14100,225400,169100,2700000,100000,2007,Nov,3,88.2,328239523,14.7,270663028,37.09024,-95.712891
United States, Music, US,Entertainment,276,153,148,61205000,15300,244800,183600,2900000,nan,2006,Jun,9,88.2,328239523,14.7,270663028,37.09024,-95.712891
United States, Music, US,Music,2226,153,130,22980000,5700,91900,68900,1100000,nan,2010,May,31,88.2,328239523,14.7,270663028,37.09024,-95.712891
United States, Music, US,Music,1044,155,131,35528000,8900,142100,106600,1700000,nan,2011,Jan,15,88.2,328239523,14.7,270663028,37.09024,-95.712891
United States, Music, US,Music,659,155,131,37632000,9400,150500,112900,1800000,nan,2013,Feb,21,88.2,328239523,14.7,270663028,37.09024,-95.712891
United States, Music, US,Music,123,156,132,98185000,24500,392700,294600,4700000,nan,2009,May,12,88.2,328239523,14.7,270663028,37.09024,-95.712891
United States, Music, US,Music,23796,962,836,3557000,889,14200,10700,170700,10000,2008,Jun,4,88.2,328239523,14.7,270663028,37.09024,-95.712891
United States, Music, US,Music,354,157,133,88657000,22200,354600,266000,4300000,nan,2009,Nov,24,88.2,328239523,14.7,270663028,37.09024,-95.712891
United States, Music, US,Music,856,160,135,135563000,33900,542300,406700,6500000,200000,2011,May,5,88.2,328239523,14.7,270663028,37.09024,-95.712891
United States, Music, US,Music,138,160,135,98834000,24700,395300,296500,4700000,nan,2011,Jun,15,88.2,328239523,14.7,270663028,37.09024,-95.712891
United States, Music, US,Music,307,161,137,97284000,24300,389100,291900,4700000,100000,2006,Dec,15,88.2,328239523,14.7,270663028,37.09024,-95.712891
United States, Music, US,Music,2084,163,139,15277000,3800,61100,45800,733300,100000,2007,May,20,88.2,328239523,14.7,270663028,37.09024,-95.712891
United States, Music, US,Music,3257,165,140,10787000,2700,43100,32400,517800,nan,2006,May,19,88.2,328239523,14.7,270663028,37.09024,-95.712891
United States, Music, US,Music,1255,169,143,50922000,12700,203700,152800,2400000,nan,2009,Sep,5,88.2,328239523,14.7,270663028,37.09024,-95.712891
United States, Music, US,Music,976,171,145,91240000,22800,365000,273700,4400000,100000,2005,Nov,5,88.2,328239523,14.7,270663028,37.09024,-95.712891
United States, Music, US,Music,210,171,145,75773000,18900,303100,227300,3600000,100000,2009,May,12,88.2,328239523,14.7,270663028,37.09024,-95.712891
United States, Music, US,Music,250,172,146,89566000,22400,358300,268700,4300000,nan,2009,Sep,2,88.2,328239523,14.7,270663028,37.09024,-95.712891
United States, Music, US,Film,270216,1944,1473,472367,118,1900,1400,22700,1000,2020,Nov,7,88.2,328239523,14.7,270663028,37.09024,-95.712891
United States, Music, US,Music,557,174,148,35027000,8800,140100,105100,1700000,nan,2010,Apr,1,88.2,328239523,14.7,270663028,37.09024,-95.712891
United States, Music, US,Music,999,176,150,50188000,12500,200800,150600,2400000,nan,2005,Oct,8,88.2,328239523,14.7,270663028,37.09024,-95.712891
United States, Music, US,Entertainment,833,175,171,49412000,12400,197600,148200,2400000,100000,2012,Jan,17,88.2,328239523,14.7,270663028,37.09024,-95.712891
